      9999      9999      9999      9999      9999      9999      9999      9999      9999      9999      9999      9999      9999      9999      9999      9999      9999      9999      9999      9999      9999      9999      9999      9999      9999      9999      9999      9999      9999     2.236      9999     5.385      9999      9999      9999      9999      9999      9999      9999      9999      9999      9999      9999      9999      9999      9999      9999      9999      9999      9999
      9999      9999      9999      9999      9999      9999      9999      9999      9999      9999      9999      9999      9999      9999      9999      9999      9999      9999      9999      9999      9999      9999      9999      9999     3.606      9999     6.403      9999      9999     6.708      9999      9999      9999      9999      9999      9999      9999      9999      9999      9999      9999      9999      9999      9999      9999      9999      9999      9999      9999      9999
      9999      9999      9999      9999      9999      9999      9999      9999      9999      9999      9999      9999      9999      9999      9999      9999      9999      9999      9999      9999      9999      9999      9999     2.828      9999      9999      9999     7.616      9999      9999      9999      9999      9999      9999      9999      9999      9999      9999      9999      9999      9999      9999      9999      9999      9999      9999      9999      9999      9999      9999
      9999      9999      9999      9999      9999      9999      9999      9999      9999      9999      9999      9999      9999      9999      9999      9999      9999      9999      9999      9999      9999      9999      9999      9999      9999      9999      9999      9999      9999      9999      9999      9999      9999      9999      9999     5.099     5.385      9999      9999      9999      9999      9999      9999      9999      9999      9999      9999      9999      9999      9999
      9999      9999      9999      9999      9999      9999      9999      9999      9999      9999      9999      9999      9999      9999      9999      9999      9999      9999      9999      9999      9999      9999      9999      9999      9999      9999      9999      9999      9999      9999      9999      9999      9999     4.123      9999      9999      9999      9999      9999      9999      9999      9999      9999      9999      9999      9999      9999      9999      9999      9999
      9999      9999      9999      9999      9999      9999      9999     7.211      9999      9999      9999      9999      9999      9999      9999      9999      9999      9999      9999      9999      9999      9999      9999      9999      9999      9999      9999      9999      9999      9999      9999      9999      9999      9999      9999      9999      9999       5.0      9999      9999      9999      9999      9999      9999      9999      9999      9999      9999      9999      9999
      9999      9999      9999      9999      9999      9999      9999      9999      9999      9999      9999     4.123     8.246      9999      9999      9999      9999      9999      9999      9999      9999      9999      9999      9999      9999      9999      9999      9999      9999      9999      9999      9999      9999      9999      9999      9999      9999      9999      9999      9999      9999      9999      9999      9999      9999      9999      9999      9999      9999      9999
      9999      9999      9999      9999      9999     7.211      9999      9999      9999     4.123      9999      9999      9999      9999      9999      9999      9999      9999      9999      9999      9999      9999      9999      9999      9999      9999      9999      9999      9999      9999      9999      9999      9999      9999      9999      9999      9999      9999      9999      9999      9999      9999      9999      9999      9999      9999      9999      9999      9999      9999
      9999      9999      9999      9999      9999      9999      9999      9999      9999      9999      9999      9999      9999      9999      9999      9999      9999      9999      9999      9999     5.099      9999      9999      9999      9999      9999      9999      9999      9999      9999      9999      9999      9999      9999      9999      9999      9999      9999      9999      9999      9999      9999      9999      9999      9999      9999      9999      9999      9999      9999
      9999      9999      9999      9999      9999      9999      9999     4.123      9999      9999      9999      9999      9999      9999      9999      9999     7.071      9999      9999      9999      9999      9999      9999      9999      9999      9999      9999      9999      9999      9999      9999      9999      9999      9999      9999      9999      9999      9999      9999      9999      9999      9999      9999      9999      9999      9999      9999      9999      9999      9999
      9999      9999      9999      9999      9999      9999      9999      9999      9999      9999      9999      9999      9999      9999      9999      9999      9999      9999      9999     5.385      9999     3.606      9999      9999      9999      9999      9999      9999      9999      9999      9999      9999      9999      9999      9999      9999      9999      9999      9999      9999      9999      9999      9999      9999      9999      9999      9999      9999      9999      9999
      9999      9999      9999      9999      9999      9999     4.123      9999      9999      9999      9999      9999      9999      9999      9999     7.071      9999     5.385      9999      9999      9999      9999      9999      9999      9999      9999      9999      9999      9999      9999      9999      9999      9999      9999      9999      9999      9999      9999      9999      9999      9999      9999      9999      9999      9999      9999      9999      9999      9999      9999
      9999      9999      9999      9999      9999      9999     8.246      9999      9999      9999      9999      9999      9999      9999     3.606      9999      9999      9999      9999      9999      9999      9999      9999      9999      9999      9999      9999      9999      9999      9999      9999      9999      9999      9999      9999      9999      9999      9999      9999      9999      9999      9999      9999      9999      9999      9999      9999      9999      9999      9999
      9999      9999      9999      9999      9999      9999      9999      9999      9999      9999      9999      9999      9999      9999      9999      9999      9999      9999      9999      9999      9999      9999      9999      9999      9999      9999      9999      9999      9999      9999      9999      9999      9999      9999      9999      9999      9999      9999      9999      9999     4.123      9999      9999      9999      9999      9999      9999      9999      9999      9999
      9999      9999      9999      9999      9999      9999      9999      9999      9999      9999      9999      9999     3.606      9999      9999      9999      9999      9999      9999      9999      9999      9999      9999      9999      9999      9999      9999      9999      9999      9999      9999      9999      9999      9999      9999      9999      9999      9999      9999      9999      9999      9999      9999      9999      9999      9999      9999      9999      9999      9999
      9999      9999      9999      9999      9999      9999      9999      9999      9999      9999      9999     7.071      9999      9999      9999      9999      9999      9999      9999      9999      9999      9999      9999      9999      9999      9999      9999      9999      9999      9999      9999      9999      9999      9999      9999      9999      9999      9999      9999      9999      9999      9999      9999      9999      9999      9999      9999      9999      9999      9999
      9999      9999      9999      9999      9999      9999      9999      9999      9999     7.071      9999      9999      9999      9999      9999      9999      9999     5.385      9999      9999      9999     4.243      9999      9999      9999      9999      9999      9999      9999      9999      9999      9999      9999      9999      9999      9999      9999      9999      9999      9999      9999      9999      9999      9999      9999      9999      9999      9999      9999      9999
      9999      9999      9999      9999      9999      9999      9999      9999      9999      9999      9999     5.385      9999      9999      9999      9999     5.385      9999      9999      9999      9999      9999      9999      9999      9999      9999      9999      9999      9999      9999      9999      9999      9999      9999      9999      9999      9999      9999      9999      9999      9999      9999      9999      9999      9999      9999      9999      9999      9999      9999
      9999      9999      9999      9999      9999      9999      9999      9999      9999      9999      9999      9999      9999      9999      9999      9999      9999      9999      9999      9999      9999     7.211      9999      9999      9999      9999      9999      9999      9999      9999      9999      9999      9999      9999      9999      9999      9999      9999      9999      9999      9999      9999      9999      9999      9999      9999      9999      9999      9999      9999
      9999      9999      9999      9999      9999      9999      9999      9999      9999      9999     5.385      9999      9999      9999      9999      9999      9999      9999      9999      9999      9999      9999      7.28      9999      9999      9999      9999      9999      9999      9999      9999      9999      9999      9999      9999      9999      9999      9999      9999      9999      9999      9999      9999      9999      9999      9999      9999      9999      9999      9999
      9999      9999      9999      9999      9999      9999      9999      9999     5.099      9999      9999      9999      9999      9999      9999      9999      9999      9999      9999      9999      9999     4.243      9999      9999      9999      9999      9999      9999      9999      9999      9999      9999      9999      9999      9999      9999      9999      9999      9999      9999      9999      9999      9999      9999      9999      9999      9999      9999      9999      9999
      9999      9999      9999      9999      9999      9999      9999      9999      9999      9999     3.606      9999      9999      9999      9999      9999     4.243      9999     7.211      9999     4.243      9999      9999      9999      9999      9999      9999      9999      9999      9999      9999      9999      9999      9999      9999      9999      9999      9999      9999      9999      9999      9999      9999      9999      9999      9999      9999      9999      9999      9999
      9999      9999      9999      9999      9999      9999      9999      9999      9999      9999      9999      9999      9999      9999      9999      9999      9999      9999      9999      7.28      9999      9999      9999      9999      9999      9999      9999      9999      9999      9999      9999      9999      9999      9999      9999      9999     3.162      9999      9999      9999      9999      9999      9999      9999      9999      9999      9999      9999      9999      9999
      9999      9999     2.828      9999      9999      9999      9999      9999      9999      9999      9999      9999      9999      9999      9999      9999      9999      9999      9999      9999      9999      9999      9999      9999      9999      9999      9999      9999      9999      9999      9999      9999      9999      9999      9999     3.162      9999      9999      9999      9999      9999      9999      9999      9999      9999      9999      9999      9999      9999      9999
      9999     3.606      9999      9999      9999      9999      9999      9999      9999      9999      9999      9999      9999      9999      9999      9999      9999      9999      9999      9999      9999      9999      9999      9999      9999      9999      9999      9999      9999      9999      9999      9999      9999     7.071      9999      9999      9999      9999      9999      9999      9999      9999      9999      9999      9999      9999      9999      9999      9999      9999
      9999      9999      9999      9999      9999      9999      9999      9999      9999      9999      9999      9999      9999      9999      9999      9999      9999      9999      9999      9999      9999      9999      9999      9999      9999      9999      9999      9999      9999      9999      9999      9999      9999       3.0      9999      9999      9999      9999    16.125      9999      9999      9999      9999      9999      9999      9999      9999      9999      9999      9999
      9999     6.403      9999      9999      9999      9999      9999      9999      9999      9999      9999      9999      9999      9999      9999      9999      9999      9999      9999      9999      9999      9999      9999      9999      9999      9999      9999      9999      9999      9999      9999      9999     2.828      9999      9999      9999      9999      9999      9999      9999      9999      9999      9999      9999      9999      9999      9999      9999      9999      9999
      9999      9999     7.616      9999      9999      9999      9999      9999      9999      9999      9999      9999      9999      9999      9999      9999      9999      9999      9999      9999      9999      9999      9999      9999      9999      9999      9999      9999      9999      9999      9999      9999      9999      9999      7.81      9999      9999      9999      9999      9999      9999      9999      9999      9999      9999      9999      9999      9999      9999      9999
      9999      9999      9999      9999      9999      9999      9999      9999      9999      9999      9999      9999      9999      9999      9999      9999      9999      9999      9999      9999      9999      9999      9999      9999      9999      9999      9999      9999      9999      9999      7.81      9999    12.042      9999      9999      9999      9999      9999      9999      9999      9999      9999      9999      9999      9999      9999      9999      9999      9999      9999
     2.236     6.708      9999      9999      9999      9999      9999      9999      9999      9999      9999      9999      9999      9999      9999      9999      9999      9999      9999      9999      9999      9999      9999      9999      9999      9999      9999      9999      9999      9999      9999      9999      9999      9999      9999      9999      9999      9999      9999      9999      9999      9999      9999      9999      9999      9999      9999      9999      9999      9999
      9999      9999      9999      9999      9999      9999      9999      9999      9999      9999      9999      9999      9999      9999      9999      9999      9999      9999      9999      9999      9999      9999      9999      9999      9999      9999      9999      9999      7.81      9999      9999      9999      9999      9999      9999      9999      9999      9999      9999      9999      9999      9999      9999      9999      9999      9999      9999      9999      9999      9999
     5.385      9999      9999      9999      9999      9999      9999      9999      9999      9999      9999      9999      9999      9999      9999      9999      9999      9999      9999      9999      9999      9999      9999      9999      9999      9999      9999      9999      9999      9999      9999      9999      9999      9999      9999      9999      9999      9999      9999      9999      9999      9999      9999      9999      9999      9999      9999      9999      9999      9999
      9999      9999      9999      9999      9999      9999      9999      9999      9999      9999      9999      9999      9999      9999      9999      9999      9999      9999      9999      9999      9999      9999      9999      9999      9999      9999     2.828      9999    12.042      9999      9999      9999      9999      9999       5.0      9999      9999      9999      9999      9999      9999      9999      9999      9999      9999      9999      9999      9999      9999      9999
      9999      9999      9999      9999     4.123      9999      9999      9999      9999      9999      9999      9999      9999      9999      9999      9999      9999      9999      9999      9999      9999      9999      9999      9999     7.071       3.0      9999      9999      9999      9999      9999      9999      9999      9999      9999      9999      9999      9999      9999      9999      9999      9999      9999      9999      9999      9999      9999      9999      9999      9999
      9999      9999      9999      9999      9999      9999      9999      9999      9999      9999      9999      9999      9999      9999      9999      9999      9999      9999      9999      9999      9999      9999      9999      9999      9999      9999      9999      7.81      9999      9999      9999      9999       5.0      9999      9999      9999      9999      9999      9999      9999      9999      9999      9999      9999      9999      9999      9999      9999      9999      9999
      9999      9999      9999     5.099      9999      9999      9999      9999      9999      9999      9999      9999      9999      9999      9999      9999      9999      9999      9999      9999      9999      9999      9999     3.162      9999      9999      9999      9999      9999      9999      9999      9999      9999      9999      9999      9999      9999      9999      9999      9999      9999      9999      9999      9999      9999      9999      9999      9999      9999      9999
      9999      9999      9999     5.385      9999      9999      9999      9999      9999      9999      9999      9999      9999      9999      9999      9999      9999      9999      9999      9999      9999      9999     3.162      9999      9999      9999      9999      9999      9999      9999      9999      9999      9999      9999      9999      9999      9999      9999      9999      9999      9999      9999      9999      9999      9999      9999      9999      9999      9999      9999
      9999      9999      9999      9999      9999       5.0      9999      9999      9999      9999      9999      9999      9999      9999      9999      9999      9999      9999      9999      9999      9999      9999      9999      9999      9999      9999      9999      9999      9999      9999      9999      9999      9999      9999      9999      9999      9999      9999      9999      9999      9999      9999      9999      9999      9999      9999      9999      9999      9999      9999
      9999      9999      9999      9999      9999      9999      9999      9999      9999      9999      9999      9999      9999      9999      9999      9999      9999      9999      9999      9999      9999      9999      9999      9999      9999    16.125      9999      9999      9999      9999      9999      9999      9999      9999      9999      9999      9999      9999      9999    11.402      9999      9999      9999      9999      9999      9999      9999      9999      9999      9999
      9999      9999      9999      9999      9999      9999      9999      9999      9999      9999      9999      9999      9999      9999      9999      9999      9999      9999      9999      9999      9999      9999      9999      9999      9999      9999      9999      9999      9999      9999      9999      9999      9999      9999      9999      9999      9999      9999    11.402      9999     11.18      9999      9999      9999      9999      9999      9999      9999      9999      9999
      9999      9999      9999      9999      9999      9999      9999      9999      9999      9999      9999      9999      9999     4.123      9999      9999      9999      9999      9999      9999      9999      9999      9999      9999      9999      9999      9999      9999      9999      9999      9999      9999      9999      9999      9999      9999      9999      9999      9999     11.18      9999    15.811      9999      9999      9999      9999      9999      9999      9999      9999
      9999      9999      9999      9999      9999      9999      9999      9999      9999      9999      9999      9999      9999      9999      9999      9999      9999      9999      9999      9999      9999      9999      9999      9999      9999      9999      9999      9999      9999      9999      9999      9999      9999      9999      9999      9999      9999      9999      9999      9999    15.811      9999    18.028      9999      9999      9999      9999      9999      9999      9999
      9999      9999      9999      9999      9999      9999      9999      9999      9999      9999      9999      9999      9999      9999      9999      9999      9999      9999      9999      9999      9999      9999      9999      9999      9999      9999      9999      9999      9999      9999      9999      9999      9999      9999      9999      9999      9999      9999      9999      9999      9999    18.028      9999    10.198      9999      9999      9999      9999      9999      9999
      9999      9999      9999      9999      9999      9999      9999      9999      9999      9999      9999      9999      9999      9999      9999      9999      9999      9999      9999      9999      9999      9999      9999      9999      9999      9999      9999      9999      9999      9999      9999      9999      9999      9999      9999      9999      9999      9999      9999      9999      9999      9999    10.198      9999    14.318      9999      9999      9999      9999      9999
      9999      9999      9999      9999      9999      9999      9999      9999      9999      9999      9999      9999      9999      9999      9999      9999      9999      9999      9999      9999      9999      9999      9999      9999      9999      9999      9999      9999      9999      9999      9999      9999      9999      9999      9999      9999      9999      9999      9999      9999      9999      9999      9999    14.318      9999    16.279     4.123      9999      9999      9999
      9999      9999      9999      9999      9999      9999      9999      9999      9999      9999      9999      9999      9999      9999      9999      9999      9999      9999      9999      9999      9999      9999      9999      9999      9999      9999      9999      9999      9999      9999      9999      9999      9999      9999      9999      9999      9999      9999      9999      9999      9999      9999      9999      9999    16.279      9999      9999      9999      9999      9999
      9999      9999      9999      9999      9999      9999      9999      9999      9999      9999      9999      9999      9999      9999      9999      9999      9999      9999      9999      9999      9999      9999      9999      9999      9999      9999      9999      9999      9999      9999      9999      9999      9999      9999      9999      9999      9999      9999      9999      9999      9999      9999      9999      9999     4.123      9999      9999      9999      9999    17.088
      9999      9999      9999      9999      9999      9999      9999      9999      9999      9999      9999      9999      9999      9999      9999      9999      9999      9999      9999      9999      9999      9999      9999      9999      9999      9999      9999      9999      9999      9999      9999      9999      9999      9999      9999      9999      9999      9999      9999      9999      9999      9999      9999      9999      9999      9999      9999      9999      9999     3.162
      9999      9999      9999      9999      9999      9999      9999      9999      9999      9999      9999      9999      9999      9999      9999      9999      9999      9999      9999      9999      9999      9999      9999      9999      9999      9999      9999      9999      9999      9999      9999      9999      9999      9999      9999      9999      9999      9999      9999      9999      9999      9999      9999      9999      9999      9999      9999      9999      9999     10.44
      9999      9999      9999      9999      9999      9999      9999      9999      9999      9999      9999      9999      9999      9999      9999      9999      9999      9999      9999      9999      9999      9999      9999      9999      9999      9999      9999      9999      9999      9999      9999      9999      9999      9999      9999      9999      9999      9999      9999      9999      9999      9999      9999      9999      9999      9999    17.088     3.162     10.44      9999
