      9999     8.602      9999      9999    17.889      9999      9999      9999      9999      9999      9999      9999      9999      9999      9999      9999      9999      9999      9999      9999      9999      9999      9999      9999     10.44    17.029     10.44      9999      9999     2.236    16.643     5.385      13.0    17.464     15.62      9999      9999      9999      9999      9999      9999      9999      9999      9999      9999      9999      9999      9999      9999      9999
     8.602      9999    18.028      9999     9.487      9999      9999      9999      9999      9999      9999      9999      9999      9999      9999      9999      9999      9999      9999      9999      9999      9999      9999    18.788     3.606     10.77     6.403    15.264    18.601     6.708    18.358    12.369      7.28     10.05     7.616      9999      9999      9999      9999      9999      9999      9999      9999      9999      9999      9999      9999      9999      9999      9999
      9999    18.028      9999     8.246      9.22    17.692      9999    18.028      9999    18.111      9999      9999      9999      9999      9999      9999      9999      9999      9999      9999      9999      9999    15.652     2.828    16.971    14.866    19.647     7.616      9999      9999      9999      9999    17.263    12.083    12.369     3.162    13.601    12.728      9999      9999      9999      9999      9999      9999      9999      9999      9999      9999      9999      9999
      9999      9999     8.246      9999    16.643    14.866      9999    12.042      9999     10.77    18.028      9999      9999      9999      9999      9999     17.72      9999      9999    13.342      9999      9999      7.81     7.211      9999      9999      9999    15.033      9999      9999      9999      9999      9999    18.385      9999     5.099     5.385    11.045      9999      9999      9999      9999      9999      9999      9999      9999      9999      9999      9999      9999
    17.889     9.487      9.22    16.643      9999    19.647      9999      9999      9999      9999      9999      9999      9999      9999      9999      9999      9999      9999      9999      9999      9999      9999      9999     9.434      7.81     7.071    13.153     10.05      9999    16.155      9999      9999    11.705     4.123     7.211    12.042      9999    15.133      9999      9999      9999      9999      9999      9999      9999      9999      9999      9999      9999      9999
      9999      9999    17.692    14.866    19.647      9999     17.72     7.211      9999     11.18    19.849    16.031      9999      9999      9999      9.22      15.0     14.56      9999    18.788      9999    19.209    19.026    14.866      9999    18.111      9999      9999      9999      9999      9999      9999      9999    18.028      9999    16.401      16.0       5.0    18.868    19.026      9999      9999      9999      9999      9999      9999      9999      9999      9999      9999
      9999      9999      9999      9999      9999     17.72      9999    17.029      9999    19.209      9999     4.123     8.246      9999    11.705     8.544    14.866     9.487    13.601      9999      9999    17.117      9999      9999      9999      9999      9999      9999      9999      9999      9999      9999      9999      9999      9999      9999      9999      9999      9999      9999      9999      9999      9999      9999      9999      9999      9999      9999      9999      9999
      9999      9999    18.028    12.042      9999     7.211    17.029      9999    19.105     4.123    12.728    13.892      9999      9999      9999     9.434     8.544    10.198    17.117    11.705    16.643     12.53    13.342    15.524      9999      9999      9999      9999      9999      9999      9999      9999      9999      9999      9999    15.652     10.77     8.544      9999      9999      9999      9999      9999      9999      9999      9999      9999      9999      9999      9999
      9999      9999      9999      9999      9999      9999      9999    19.105      9999     15.62     6.403      9999      9999      9999      9999      9999    12.083    16.279    12.649     9.487     5.099     8.246    16.031      9999      9999      9999      9999      9999      9999      9999      9999      9999      9999      9999      9999      9999    17.464      9999      9999      9999      9999      9999      9999      9999      9999      9999      9999      9999      9999      9999
      9999      9999    18.111     10.77      9999     11.18    19.209     4.123     15.62      9999     9.434    15.556      9999      9999      9999    12.649     7.071    10.817    16.125     7.616    13.928    10.198     9.849      16.0      9999      9999      9999      9999      9999      9999      9999      9999      9999      9999      9999    15.297      7.81    11.402      9999      9999      9999      9999      9999      9999      9999      9999      9999      9999      9999      9999
      9999      9999      9999    18.028      9999    19.849      9999    12.728     6.403     9.434      9999    16.279      9999      9999      9999    17.464     6.083    11.045     10.63     5.385       5.0     3.606    12.649      9999      9999      9999      9999      9999      9999      9999      9999      9999      9999      9999      9999      9999    13.038      9999      9999      9999      9999      9999      9999      9999      9999      9999      9999      9999      9999      9999
      9999      9999      9999      9999      9999    16.031     4.123    13.892      9999    15.556    16.279      9999    12.369      9999    15.811     7.071     10.77     5.385    10.296    19.698    16.125    13.038      9999      9999      9999      9999      9999      9999      9999      9999      9999      9999      9999      9999      9999      9999      9999      9999      9999      9999      9999      9999      9999      9999      9999      9999      9999      9999      9999      9999
      9999      9999      9999      9999      9999      9999     8.246      9999      9999      9999      9999    12.369      9999    17.493     3.606    14.866      9999     17.72      9999      9999      9999      9999      9999      9999      9999      9999      9999      9999      9999      9999      9999      9999      9999      9999      9999      9999      9999      9999      9999    18.974      9999      9999      9999      9999      9999      9999      9999      9999      9999      9999
      9999      9999      9999      9999      9999      9999      9999      9999      9999      9999      9999      9999    17.493      9999    16.279      9999      9999      9999      9999      9999      9999      9999      9999      9999      9999      9999      9999      9999      9999      9999      9999      9999      9999      9999      9999      9999      9999      9999      9999    12.728     4.123    18.358      9999      9999      9999      9999      9999      9999      9999      9999
      9999      9999      9999      9999      9999      9999    11.705      9999      9999      9999      9999    15.811     3.606    16.279      9999    18.439      9999      9999      9999      9999      9999      9999      9999      9999      9999      9999      9999      9999      9999      9999      9999      9999      9999      9999      9999      9999      9999      9999      9999      9999    19.849      9999      9999      9999      9999      9999      9999      9999      9999      9999
      9999      9999      9999      9999      9999      9.22     8.544     9.434      9999    12.649    17.464     7.071    14.866      9999    18.439      9999    11.402      7.81     15.62    19.026    19.235    15.232      9999      9999      9999      9999      9999      9999      9999      9999      9999      9999      9999      9999      9999      9999      9999    13.928      9999    18.788      9999      9999      9999      9999      9999      9999      9999      9999      9999      9999
      9999      9999      9999     17.72      9999      15.0    14.866     8.544    12.083     7.071     6.083     10.77      9999      9999      9999    11.402      9999     5.385     9.055     8.944     8.485     4.243    14.866      9999      9999      9999      9999      9999      9999      9999      9999      9999      9999      9999      9999      9999    13.892    17.088      9999      9999      9999      9999      9999      9999      9999      9999      9999      9999      9999      9999
      9999      9999      9999      9999      9999     14.56     9.487    10.198    16.279    10.817    11.045     5.385     17.72      9999      9999      7.81     5.385      9999     8.062    14.318    11.705     8.062    19.849      9999      9999      9999      9999      9999      9999      9999      9999      9999      9999      9999      9999      9999    18.439    18.028      9999      9999      9999      9999      9999      9999      9999      9999      9999      9999      9999      9999
      9999      9999      9999      9999      9999      9999    13.601    17.117    12.649    16.125     10.63    10.296      9999      9999      9999     15.62     9.055     8.062      9999    15.811     7.616     7.211      9999      9999      9999      9999      9999      9999      9999      9999      9999      9999      9999      9999      9999      9999      9999      9999      9999      9999      9999      9999      9999      9999      9999      9999      9999      9999      9999      9999
      9999      9999      9999    13.342      9999    18.788      9999    11.705     9.487     7.616     5.385    19.698      9999      9999      9999    19.026     8.944    14.318    15.811      9999    10.198     8.602      7.28      9999      9999      9999      9999      9999      9999      9999      9999      9999      9999      9999      9999    18.439     8.062    18.439      9999      9999      9999      9999      9999      9999      9999      9999      9999      9999      9999      9999
      9999      9999      9999      9999      9999      9999      9999    16.643     5.099    13.928       5.0    16.125      9999      9999      9999    19.235     8.485    11.705     7.616    10.198      9999     4.243    17.464      9999      9999      9999      9999      9999      9999      9999      9999      9999      9999      9999      9999      9999    18.028      9999      9999      9999      9999      9999      9999      9999      9999      9999      9999      9999      9999      9999
      9999      9999      9999      9999      9999    19.209    17.117     12.53     8.246    10.198     3.606    13.038      9999      9999      9999    15.232     4.243     8.062     7.211     8.602     4.243      9999    15.652      9999      9999      9999      9999      9999      9999      9999      9999      9999      9999      9999      9999      9999    15.524      9999      9999      9999      9999      9999      9999      9999      9999      9999      9999      9999      9999      9999
      9999      9999    15.652      7.81      9999    19.026      9999    13.342    16.031     9.849    12.649      9999      9999      9999      9999      9999    14.866    19.849      9999      7.28    17.464    15.652      9999      15.0      9999      9999      9999      9999      9999      9999      9999      9999      9999      9999      9999     12.53     3.162    16.763      9999      9999      9999      9999      9999      9999      9999      9999      9999      9999      9999      9999
      9999    18.788     2.828     7.211     9.434    14.866      9999    15.524      9999      16.0      9999      9999      9999      9999      9999      9999      9999      9999      9999      9999      9999      9999      15.0      9999    17.205    13.892      9999    10.296      9999      9999      9999      9999    19.026    11.402    14.036     3.162     12.53     9.899      9999      9999      9999      9999      9999      9999      9999      9999      9999      9999      9999      9999
     10.44     3.606    16.971      9999      7.81      9999      9999      9999      9999      9999      9999      9999      9999      9999      9999      9999      9999      9999      9999      9999      9999      9999      9999    17.205      9999      7.28     9.899    15.811      9999     9.055      9999    15.033    10.296     7.071       9.0    19.849      9999      9999      9999      9999      9999      9999      9999      9999      9999      9999      9999      9999      9999      9999
    17.029     10.77    14.866      9999     7.071    18.111      9999      9999      9999      9999      9999      9999      9999      9999      9999      9999      9999      9999      9999      9999      9999      9999      9999    13.892      7.28      9999    16.643    17.117      9999    16.031      9999      9999    16.279       3.0    13.038      17.0      9999    14.866    16.125      9999      9999      9999      9999      9999      9999      9999      9999      9999      9999      9999
     10.44     6.403    19.647      9999    13.153      9999      9999      9999      9999      9999      9999      9999      9999      9999      9999      9999      9999      9999      9999      9999      9999      9999      9999      9999     9.899    16.643      9999    14.422    12.207     8.246    12.649    11.314     2.828    15.232      7.28      9999      9999      9999      9999      9999      9999      9999      9999      9999      9999      9999      9999      9999      9999      9999
      9999    15.264     7.616    15.033     10.05      9999      9999      9999      9999      9999      9999      9999      9999      9999      9999      9999      9999      9999      9999      9999      9999      9999      9999    10.296    15.811    17.117    14.422      9999    19.105      9999      9999      9999    11.662    14.142      7.81    10.198      9999      20.0      9999      9999      9999      9999      9999      9999      9999      9999      9999      9999      9999      9999
      9999    18.601      9999      9999      9999      9999      9999      9999      9999      9999      9999      9999      9999      9999      9999      9999      9999      9999      9999      9999      9999      9999      9999      9999      9999      9999    12.207    19.105      9999    18.682      7.81    18.028    12.042      9999    16.125      9999      9999      9999      9999      9999      9999      9999      9999      9999      9999      9999      9999      9999      9999      9999
     2.236     6.708      9999      9999    16.155      9999      9999      9999      9999      9999      9999      9999      9999      9999      9999      9999      9999      9999      9999      9999      9999      9999      9999      9999     9.055    16.031     8.246      9999    18.682      9999     15.62       6.0     10.77    16.125    13.454      9999      9999      9999      9999      9999      9999      9999      9999      9999      9999      9999      9999      9999      9999      9999
    16.643    18.358      9999      9999      9999      9999      9999      9999      9999      9999      9999      9999      9999      9999      9999      9999      9999      9999      9999      9999      9999      9999      9999      9999      9999      9999    12.649      9999      7.81     15.62      9999    12.649    14.142      9999    19.105      9999      9999      9999      9999      9999      9999      9999      9999      9999      9999      9999      9999      9999      9999      9999
     5.385    12.369      9999      9999      9999      9999      9999      9999      9999      9999      9999      9999      9999      9999      9999      9999      9999      9999      9999      9999      9999      9999      9999      9999    15.033      9999    11.314      9999    18.028       6.0    12.649      9999    14.142      9999    18.028      9999      9999      9999      9999      9999      9999      9999      9999      9999      9999      9999      9999      9999      9999      9999
      13.0      7.28    17.263      9999    11.705      9999      9999      9999      9999      9999      9999      9999      9999      9999      9999      9999      9999      9999      9999      9999      9999      9999      9999    19.026    10.296    16.279     2.828    11.662    12.042     10.77    14.142    14.142      9999    14.422       5.0      9999      9999      9999      9999      9999      9999      9999      9999      9999      9999      9999      9999      9999      9999      9999
    17.464     10.05    12.083    18.385     4.123    18.028      9999      9999      9999      9999      9999      9999      9999      9999      9999      9999      9999      9999      9999      9999      9999      9999      9999    11.402     7.071       3.0    15.232    14.142      9999    16.125      9999      9999    14.422      9999     10.63    14.422      9999    14.142    18.788      9999      9999      9999      9999      9999      9999      9999      9999      9999      9999      9999
     15.62     7.616    12.369      9999     7.211      9999      9999      9999      9999      9999      9999      9999      9999      9999      9999      9999      9999      9999      9999      9999      9999      9999      9999    14.036       9.0    13.038      7.28      7.81    16.125    13.454    19.105    18.028       5.0     10.63      9999    15.524      9999      9999      9999      9999      9999      9999      9999      9999      9999      9999      9999      9999      9999      9999
      9999      9999     3.162     5.099    12.042    16.401      9999    15.652      9999    15.297      9999      9999      9999      9999      9999      9999      9999      9999      9999    18.439      9999      9999     12.53     3.162    19.849      17.0      9999    10.198      9999      9999      9999      9999      9999    14.422    15.524      9999     10.44    11.662      9999      9999      9999      9999      9999      9999      9999      9999      9999      9999      9999      9999
      9999      9999    13.601     5.385      9999      16.0      9999     10.77    17.464      7.81    13.038      9999      9999      9999      9999      9999    13.892    18.439      9999     8.062    18.028    15.524     3.162     12.53      9999      9999      9999      9999      9999      9999      9999      9999      9999      9999      9999     10.44      9999    13.601      9999      9999      9999      9999      9999      9999      9999      9999      9999      9999      9999      9999
      9999      9999    12.728    11.045    15.133       5.0      9999     8.544      9999    11.402      9999      9999      9999      9999      9999    13.928    17.088    18.028      9999    18.439      9999      9999    16.763     9.899      9999    14.866      9999      20.0      9999      9999      9999      9999      9999    14.142      9999    11.662    13.601      9999    19.925      9999      9999      9999      9999      9999      9999      9999      9999      9999      9999      9999
      9999      9999      9999      9999      9999    18.868      9999      9999      9999      9999      9999      9999      9999      9999      9999      9999      9999      9999      9999      9999      9999      9999      9999      9999      9999    16.125      9999      9999      9999      9999      9999      9999      9999    18.788      9999      9999      9999    19.925      9999    11.402      9999      9999      9999      9999      9999      9999      9999      9999      9999      9999
      9999      9999      9999      9999      9999    19.026      9999      9999      9999      9999      9999      9999    18.974    12.728      9999    18.788      9999      9999      9999      9999      9999      9999      9999      9999      9999      9999      9999      9999      9999      9999      9999      9999      9999      9999      9999      9999      9999      9999    11.402      9999     11.18      9999      9999      9999      9999      9999      9999      9999      9999      9999
      9999      9999      9999      9999      9999      9999      9999      9999      9999      9999      9999      9999      9999     4.123    19.849      9999      9999      9999      9999      9999      9999      9999      9999      9999      9999      9999      9999      9999      9999      9999      9999      9999      9999      9999      9999      9999      9999      9999      9999     11.18      9999    15.811      9999      9999      9999      9999      9999      9999      9999      9999
      9999      9999      9999      9999      9999      9999      9999      9999      9999      9999      9999      9999      9999    18.358      9999      9999      9999      9999      9999      9999      9999      9999      9999      9999      9999      9999      9999      9999      9999      9999      9999      9999      9999      9999      9999      9999      9999      9999      9999      9999    15.811      9999    18.028      9999      9999      9999      9999      9999      9999      9999
      9999      9999      9999      9999      9999      9999      9999      9999      9999      9999      9999      9999      9999      9999      9999      9999      9999      9999      9999      9999      9999      9999      9999      9999      9999      9999      9999      9999      9999      9999      9999      9999      9999      9999      9999      9999      9999      9999      9999      9999      9999    18.028      9999    10.198      9999      9999      9999      9999      9999      9999
      9999      9999      9999      9999      9999      9999      9999      9999      9999      9999      9999      9999      9999      9999      9999      9999      9999      9999      9999      9999      9999      9999      9999      9999      9999      9999      9999      9999      9999      9999      9999      9999      9999      9999      9999      9999      9999      9999      9999      9999      9999      9999    10.198      9999    14.318      9999     15.62      9999      9999      9999
      9999      9999      9999      9999      9999      9999      9999      9999      9999      9999      9999      9999      9999      9999      9999      9999      9999      9999      9999      9999      9999      9999      9999      9999      9999      9999      9999      9999      9999      9999      9999      9999      9999      9999      9999      9999      9999      9999      9999      9999      9999      9999      9999    14.318      9999    16.279     4.123      9999      9999      9999
      9999      9999      9999      9999      9999      9999      9999      9999      9999      9999      9999      9999      9999      9999      9999      9999      9999      9999      9999      9999      9999      9999      9999      9999      9999      9999      9999      9999      9999      9999      9999      9999      9999      9999      9999      9999      9999      9999      9999      9999      9999      9999      9999      9999    16.279      9999    18.385      9999      9999      9999
      9999      9999      9999      9999      9999      9999      9999      9999      9999      9999      9999      9999      9999      9999      9999      9999      9999      9999      9999      9999      9999      9999      9999      9999      9999      9999      9999      9999      9999      9999      9999      9999      9999      9999      9999      9999      9999      9999      9999      9999      9999      9999      9999     15.62     4.123    18.385      9999    19.647      9999    17.088
      9999      9999      9999      9999      9999      9999      9999      9999      9999      9999      9999      9999      9999      9999      9999      9999      9999      9999      9999      9999      9999      9999      9999      9999      9999      9999      9999      9999      9999      9999      9999      9999      9999      9999      9999      9999      9999      9999      9999      9999      9999      9999      9999      9999      9999      9999    19.647      9999     12.53     3.162
      9999      9999      9999      9999      9999      9999      9999      9999      9999      9999      9999      9999      9999      9999      9999      9999      9999      9999      9999      9999      9999      9999      9999      9999      9999      9999      9999      9999      9999      9999      9999      9999      9999      9999      9999      9999      9999      9999      9999      9999      9999      9999      9999      9999      9999      9999      9999     12.53      9999     10.44
      9999      9999      9999      9999      9999      9999      9999      9999      9999      9999      9999      9999      9999      9999      9999      9999      9999      9999      9999      9999      9999      9999      9999      9999      9999      9999      9999      9999      9999      9999      9999      9999      9999      9999      9999      9999      9999      9999      9999      9999      9999      9999      9999      9999      9999      9999    17.088     3.162     10.44      9999
